[
  {"id":"rt1788961819320854947","name":"Route-11","frame":"enu","site":{"lat":30.326207,"lon":-98.148191},"wps":[
  [30.3253343,-98.1482914],[30.3255314,-98.1481383],[30.3257297,-98.1481162],[30.325993,-98.1480662],
  [30.3262502,-98.1480178],[30.3265117,-98.1479672],[30.3267705,-98.1479027],[30.3270116,-98.1478566],
  [30.3272688,-98.1478859],[30.327502,-98.1480166],[30.3276597,-98.1482235],[30.327508,-98.1483159],
  [30.3272388,-98.1483228],[30.3270455,-98.1483335],[30.3268196,-98.1481644],[30.3265637,-98.1481072],
  [30.3263187,-98.1482244],[30.3260967,-98.1482122],[30.3259959,-98.1483232],[30.3257679,-98.1483372],
  [30.3256514,-98.1483054],[30.3254607,-98.1484235],[30.3253475,-98.1484423],[30.3252511,-98.1483714]]},
  {"id":"rt1788981096518634198","name":"Route-12","frame":"enu","wps":[
  [30.3253341,-98.1482907],[30.3255002,-98.1481604],[30.3257138,-98.1481167],[30.3258861,-98.14806],
  [30.326047,-98.1480778],[30.3261823,-98.1481],[30.3261921,-98.1482172],[30.3261096,-98.1481995],
  [30.3260068,-98.1483231],[30.3257816,-98.1483331],[30.3256794,-98.1483046],[30.3256126,-98.148319],
  [30.325514,-98.1483962],[30.3254399,-98.1484367],[30.3253446,-98.1484412],[30.3252659,-98.1483829]]},
  {"id":"rt1788983825366135658","name":"Route-13","frame":"enu","wps":[
  [30.325311,-98.1483211],[30.3253965,-98.1482334],[30.3254975,-98.1481581],[30.3255974,-98.1481351],
  [30.325636,-98.1482195],[30.3256085,-98.1483239],[30.3255267,-98.1483813],[30.3254437,-98.1484362],
  [30.3253363,-98.1484419],[30.3252655,-98.1483888]]},
  {"id":"rt1789144519186644955","name":"Route-14","frame":"enu","wps":[
  [30.325299,-98.1483294],[30.3254822,-98.1481686],[30.3255766,-98.1481394],[30.3257115,-98.1481196],
  [30.3258642,-98.1480675],[30.326043,-98.1480722],[30.3261803,-98.1480941],[30.3263647,-98.1480252],
  [30.3266301,-98.1480108],[30.3267121,-98.1479706],[30.3268364,-98.1478907],[30.3270126,-98.147856],
  [30.3272548,-98.1478868],[30.3274651,-98.1480017],[30.3276121,-98.1481044],[30.3276962,-98.1482283],
  [30.3278518,-98.1482623],[30.3280864,-98.1482818],[30.3282661,-98.1483268],[30.3285286,-98.1483647],
  [30.3287463,-98.1483843],[30.3289834,-98.1484041],[30.3292038,-98.1484018],[30.3294002,-98.1484039],
  [30.3295712,-98.1484183],[30.329794,-98.1484503],[30.3300419,-98.1484673],[30.3302791,-98.1484964],
  [30.3304346,-98.1485078],[30.3306279,-98.1484748],[30.3307555,-98.1484053],[30.3309567,-98.1484164],
  [30.3311423,-98.1484476],[30.3313339,-98.1484407],[30.3314777,-98.1484527],[30.3316604,-98.1485644],
  [30.3318419,-98.1487154],[30.3319469,-98.1488851],[30.3320008,-98.1491481],[30.3320959,-98.1494306],
  [30.3321644,-98.149592],[30.3322885,-98.1497664],[30.3323172,-98.1499709],[30.3321972,-98.1501243],
  [30.3320777,-98.1502835],[30.3319628,-98.1503727],[30.3318562,-98.1503941],[30.3316994,-98.1503722],
  [30.331488,-98.1505026],[30.3312792,-98.1505117],[30.3311216,-98.1505019],[30.3309088,-98.1505526],
  [30.3306953,-98.1506226],[30.3305033,-98.1506816],[30.3303705,-98.1507281],[30.3302379,-98.1505544],
  [30.3301322,-98.1503543],[30.3300485,-98.1501469],[30.3299541,-98.1499224],[30.3298676,-98.1497164],
  [30.329762,-98.1494908],[30.3296572,-98.1493259],[30.3295354,-98.1491546],[30.3294095,-98.1490139],
  [30.3292011,-98.1489137],[30.328954,-98.1488322],[30.3287903,-98.1487872],[30.3285956,-98.1486719],
  [30.3283971,-98.1485517],[30.3282063,-98.1484521],[30.3280134,-98.1483817],[30.3277947,-98.148342],
  [30.3275442,-98.1483204],[30.3273226,-98.1483303],[30.3270543,-98.1483357],[30.3270054,-98.1482451],
  [30.3269177,-98.1482395],[30.3268019,-98.1481553],[30.3267133,-98.1481709],[30.3266096,-98.1481062],
  [30.3265076,-98.1481026],[30.3264001,-98.1481943],[30.326335,-98.1482317],[30.326258,-98.1482403],
  [30.3261358,-98.1482013],[30.3260811,-98.1482128],[30.3260193,-98.1483112],[30.3259654,-98.1483297],
  [30.3258515,-98.1483209],[30.32577,-98.1483304],[30.325666,-98.1483004],[30.3255619,-98.1483448],
  [30.3254886,-98.1484101],[30.3253971,-98.1484467],[30.3253208,-98.1484311],[30.3252638,-98.1483813]]},
  {"id":"rt1789154274409017594","name":"Route-17","frame":"enu","wps":[
  [30.3255714,-98.1481422],[30.3257216,-98.1481219],[30.325865,-98.1480697],[30.3260333,-98.148069],
  [30.3261755,-98.1480984],[30.3264032,-98.1480151],[30.3264834,-98.1481138],[30.3263606,-98.1482279],
  [30.3262414,-98.1482384],[30.3260985,-98.1481964],[30.3259997,-98.1483277],[30.3257817,-98.1483314],
  [30.3256223,-98.1483085],[30.325505,-98.1484012],[30.3253918,-98.1484509],[30.3252555,-98.1483793]]}
  ]